#format du fichier de configuration :
#1 => tube           1 | longueur | 0 | 0 | 0      (le zero-padding est necessaire pour charger la matrice)
#2 => résonateur	 2 | hauteur de la cavité | hauteur du col | diametre de la cavite | diametre du col
#===========================================================================================================================
# /!\ Toujours commencer par un tuyau (1)
#===========================================================================================================================
1 1 0 0 0
2 0.165 0.02 0.05 0.02
1 1 0 0 0
2 0.165 0.02 0.05 0.02
1 1 0 0 0
2 0.165 0.02 0.05 0.02
1 1 0 0 0
2 0.165 0.02 0.05 0.02
1 1 0 0 0
2 0.165 0.02 0.05 0.02
1 1 0 0 0
2 0.165 0.02 0.05 0.02
1 1 0 0 0
2 0.165 0.02 0.05 0.02
1 1 0 0 0
2 0.165 0.02 0.05 0.02
1 1 0 0 0
2 0.165 0.02 0.05 0.02
1 1 0 0 0
2 0.165 0.02 0.05 0.02
1 1 0 0 0
2 0.165 0.02 0.05 0.02
1 1 0 0 0
2 0.165 0.02 0.05 0.02
1 1 0 0 0

